5687.5
5714.0
5703.5
5712.0
5714.6
5741.25
5739.0
5740.714285714285
5739.5
5730.75
5736.0
5767.25
5734.5
5712.5
5751.25
5723.25
5744.0
5752.5
5780.25
5752.833333333333
5738.0
5740.75
5737.25
5779.75
5745.833333333333
5760.4
5749.4
5782.0
5773.666666666667
5777.5
5739.5
5753.75
5740.666666666667
5729.5
5742.6
5764.25
5766.5
5787.0
5776.0
5753.75
5773.25
5774.0
5782.0
5764.571428571428
5758.75
5776.333333333333
5785.5
5751.75
5751.5
5781.333333333333
5797.0
5782.4
5771.666666666667
5760.25
5772.0
5739.25
5767.25
5777.25
5779.0
5759.4
5745.5
5753.0
5805.0
5769.5
5776.5
5768.125
5759.75
5746.75
5758.25
5751.75
5734.0
5748.25
5761.5
5765.75
5767.25
5775.25
5763.25
5742.75
5789.25
5759.25
5760.0
5760.0
5761.25
5781.0
5751.75
5750.75
5774.25
5756.25
5749.25
5764.0
5765.6
5753.75
5763.75
5770.25
5767.75
5802.5
5760.5
5764.0
5741.5
5760.25
