5716.6
5720.0
5714.5
5731.75
5759.75
5750.0
5758.0
5760.5
5766.5
5763.5
5745.0
5766.5
5765.5
5763.0
5774.0
5753.75
5769.8
5805.8
5792.285714285715
5775.8
5779.25
5792.5
5763.166666666667
5793.166666666667
5772.25
5793.5
5784.5
5798.0
5780.0
5791.25
5781.75
5764.5
5785.5
5753.75
5791.75
5770.166666666667
5775.25
5775.0
5774.0
5788.75
5774.5
5811.0
5791.75
5796.75
5758.2
5825.75
5815.75
5801.75
5798.4
5776.5
5804.0
5799.875
5815.75
5824.75
5794.5
5775.5
5796.75
5800.333333333333
5811.25
5791.6
5787.25
5813.0
5813.0
5787.25
5762.75
5809.25
5801.75
5790.5
5795.0
5808.5
5788.75
5810.25
5777.25
5785.75
5786.25
5795.0
5798.0
5793.5
5771.75
5779.5
5809.2
5807.0
5808.25
5815.0
5786.25
5808.0
5807.0
5796.833333333333
5805.75
5833.0
5808.666666666667
5814.25
5793.25
5806.5
5795.5
5799.666666666667
5810.25
5793.75
5779.5
5799.0
