5100
[5687.5, 525, 17.20605404774348]
5100
[5714.0, 1138, 37.708176457881926]
5100
[5703.5, 1807, 60.1232829451561]
5100
[5712.0, 2496, 83.24097487529119]
5100
[5714.6, 3189, 106.52695887486139]
5100
[5741.25, 3884, 129.8682845155398]
5100
[5739.0, 4581, 153.3850887378057]
5100
[5740.714285714285, 5278, 176.97770474354425]
5100
[5739.5, 5973, 200.56079131762186]
5100
[5730.75, 6664, 224.1024363319079]
5100
[5736.0, 7359, 247.79966866970062]
5100
[5767.25, 8054, 271.5341679811478]
5100
[5734.5, 8753, 295.364987051487]
5100
[5712.5, 9450, 319.1407759348551]
5100
[5751.25, 10151, 343.05614056587217]
5100
[5723.25, 10848, 366.86368816693624]
5100
[5744.0, 11543, 390.85520457029344]
5100
[5752.5, 12236, 414.33262425661087]
5100
[5780.25, 12931, 438.1832118908564]
[5752.833333333333, 13628, 462.13225381771724]
5100
[5738.0, 14321, 485.95009809335073]
5100
[5740.75, 15018, 509.7682673096657]
5100
[5737.25, 15717, 533.7452452659606]
5100
[5779.75, 16414, 557.7636577169101]
[5745.833333333333, 17111, 581.7600904146831]
5100
[5760.4, 17812, 605.9065060853958]
5100
[5749.4, 18507, 629.9323188702266]
5100
[5782.0, 19204, 654.0192676703135]
[5773.666666666667, 19895, 678.0276254256567]
5100
[5777.5, 20596, 702.1534548163414]
5100
[5739.5, 21293, 725.9576272726059]
5100
[5753.75, 21992, 749.7233751734097]
[5740.666666666667, 22687, 773.7206642508506]
5100
[5729.5, 23386, 797.8579254150391]
5100
[5742.6, 24077, 821.262161052227]
5100
[5764.25, 24770, 844.7427073121071]
5100
[5766.5, 25467, 868.3094839175542]
5100
[5787.0, 26162, 891.7981858770053]
[5776.0, 26859, 915.39921712478]
5100
[5753.75, 27554, 938.9084423581759]
5100
[5773.25, 28251, 962.4487253904342]
5100
[5774.0, 28948, 986.0187774380048]
5100
[5782.0, 29647, 1009.6234112302462]
5100
[5764.571428571428, 30346, 1033.2443308313689]
5100
[5758.75, 31043, 1056.8193014621734]
5100
[5776.333333333333, 31738, 1080.3311319231987]
5100
[5785.5, 32439, 1104.0266675988833]
5100
[5751.75, 33132, 1127.4906334638595]
5100
[5751.5, 33829, 1151.0687130729357]
5100
[5781.333333333333, 34524, 1174.599350599448]
[5797.0, 35223, 1198.2857069691022]
[5782.4, 35918, 1221.794496202469]
[5771.666666666667, 36611, 1245.2478756070136]
5100
[5760.25, 37306, 1268.7794594287873]
5100
[5772.0, 38005, 1292.4290167053541]
5100
[5739.25, 38706, 1316.2661549369493]
5100
[5767.25, 39403, 1339.8312484463056]
5100
[5777.25, 40102, 1363.4717809637389]
5100
[5779.0, 40801, 1387.1009805639585]
5100
[5759.4, 41496, 1410.5854971687]
5100
[5745.5, 42195, 1434.1903735717137]
5100
[5753.0, 42892, 1457.7641431291897]
5100
[5805.0, 43593, 1481.4430782914162]
5100
[5769.5, 44292, 1505.0655005772908]
5100
[5776.5, 44993, 1528.763253136476]
[5768.125, 45692, 1552.3849599123]
5100
[5759.75, 46391, 1575.9975836237272]
5100
[5746.75, 47088, 1599.5496827284494]
5100
[5758.25, 47783, 1623.0082236210505]
5100
[5751.75, 48480, 1646.5439435919127]
5100
[5734.0, 49177, 1670.1105113307635]
5100
[5748.25, 49872, 1693.5884279489517]
5100
[5761.5, 50569, 1717.1913975397745]
5100
[5765.75, 51266, 1740.7409250656763]
5100
[5767.25, 51961, 1764.2185280481974]
5100
[5775.25, 52654, 1787.651642004649]
5100
[5763.25, 53355, 1811.320079600811]
5100
[5742.75, 54054, 1834.9539547244708]
5100
[5789.25, 54755, 1858.6035087943078]
5100
[5759.25, 55454, 1882.2071978330612]
5100
[5760.0, 56155, 1905.8642484029135]
5100
[5760.0, 56854, 1929.4746101816495]
5100
[5761.25, 57551, 1952.9895039836565]
5100
[5781.0, 58248, 1976.5443098664284]
5100
[5751.75, 58949, 2000.2567752520242]
5100
[5750.75, 59640, 2023.6229751666388]
5100
[5774.25, 60337, 2047.183524175485]
5100
[5756.25, 61026, 2070.488668346405]
5100
[5749.25, 61719, 2093.897796853383]
5100
[5764.0, 62418, 2117.5093588471414]
5100
[5765.6, 63113, 2141.0537099281946]
5100
[5753.75, 63814, 2164.7802736520766]
5100
[5763.75, 64511, 2188.399229792754]
5100
[5770.25, 65204, 2211.795047390461]
5100
[5767.75, 65901, 2235.329339881738]
5100
[5802.5, 66600, 2258.913646399975]
[5760.5, 67301, 2282.6983135620753]
5100
[5764.0, 67998, 2306.4929811875027]
5100
[5741.5, 68697, 2330.1557011564573]
5100
[5760.25, 69396, 2353.821056775252]
