5100
[5716.6, 571, 20.80635486841202]
5100
[5720.0, 1190, 42.79571218887965]
5100
[5714.5, 1861, 66.29349412123362]
5100
[5731.75, 2526, 89.35187651713689]
5100
[5759.75, 3207, 113.61761295000711]
5100
[5750.0, 3886, 138.4671972433726]
5100
[5758.0, 4565, 163.29365872542064]
5100
[5760.5, 5236, 188.47328108549118]
5100
[5766.5, 5905, 213.9847423871358]
5100
[5763.5, 6578, 239.11406205495197]
5100
[5745.0, 7259, 264.8569715897242]
5100
[5766.5, 7938, 290.1704717556635]
5100
[5765.5, 8619, 315.35933191776274]
5100
[5763.0, 9280, 339.58205399513247]
5100
[5774.0, 9957, 363.033021569252]
5100
[5753.75, 10634, 386.536214419206]
5100
[5769.8, 11307, 409.9029803554217]
5100
[5805.8, 11984, 433.42511445681254]
[5792.285714285715, 12665, 457.09993670781455]
5100
[5775.8, 13358, 481.17017599741615]
5100
[5779.25, 14035, 504.68936489025754]
5100
[5792.5, 14718, 528.4056312084198]
[5763.166666666667, 15399, 552.1190102458]
5100
[5793.166666666667, 16082, 575.8648505091667]
5100
[5772.25, 16761, 599.4575591087341]
5100
[5793.5, 17450, 623.4112528800964]
5100
[5784.5, 18129, 647.0585680007935]
5100
[5798.0, 18806, 670.7242262164751]
5100
[5780.0, 19479, 694.2165450334548]
5100
[5791.25, 20168, 718.2024303515752]
5100
[5781.75, 20851, 742.0129914045334]
5100
[5764.5, 21522, 765.4480784098307]
5100
[5785.5, 22191, 788.817445675532]
5100
[5753.75, 22856, 812.047718679905]
5100
[5791.75, 23521, 835.4125043272973]
5100
[5770.166666666667, 24190, 858.7184580564499]
5100
[5775.25, 24873, 882.5088660399119]
5100
[5775.0, 25548, 906.3216060638428]
5100
[5774.0, 26237, 930.453357609113]
5100
[5788.75, 26910, 953.9491583228112]
5100
[5774.5, 27593, 977.8377682328224]
5100
[5811.0, 28282, 1001.9941933115323]
5100
[5791.75, 28965, 1025.8622829993567]
5100
[5796.75, 29644, 1049.5684166351955]
5100
[5758.2, 30321, 1073.20682772398]
5100
[5825.75, 31000, 1096.937047056357]
5100
[5815.75, 31685, 1120.8861052632333]
5100
[5801.75, 32366, 1146.2423783103625]
5100
[5798.4, 33043, 1170.1823346575102]
5100
[5776.5, 33724, 1194.475599280993]
5100
[5804.0, 34403, 1218.8307749986648]
5100
[5799.875, 35080, 1242.7698652386666]
5100
[5815.75, 35749, 1266.5841981291771]
5100
[5824.75, 36442, 1290.7381434679032]
5100
[5794.5, 37129, 1314.8491424004237]
5100
[5775.5, 37820, 1338.8366194645564]
5100
[5796.75, 38515, 1363.152316002051]
5100
[5800.333333333333, 39184, 1386.6101774811746]
5100
[5811.25, 39857, 1410.3518209497133]
5100
[5791.6, 40540, 1434.4047655185063]
5100
[5787.25, 41227, 1458.8792580127715]
5100
[5813.0, 41902, 1482.7541157682738]
5100
[5813.0, 42587, 1507.5649487614633]
5100
[5787.25, 43264, 1533.0017721414565]
5100
[5762.75, 43945, 1558.4079361597696]
5100
[5809.25, 44626, 1583.371898194154]
5100
[5801.75, 45299, 1607.9607888182004]
5100
[5790.5, 45986, 1633.25316482385]
5100
[5795.0, 46665, 1658.9023660341898]
5100
[5808.5, 47350, 1683.733352927367]
5100
[5788.75, 48033, 1708.19881345431]
5100
[5810.25, 48710, 1731.9483805179595]
5100
[5777.25, 49391, 1755.7656462192535]
5100
[5785.75, 50072, 1779.5475269675255]
5100
[5786.25, 50741, 1802.9453111211458]
5100
[5795.0, 51424, 1826.8370024164517]
5100
[5798.0, 52101, 1850.5530757228532]
5100
[5793.5, 52786, 1874.3814873774847]
5100
[5771.75, 53473, 1898.432518752416]
5100
[5779.5, 54160, 1922.4604789694151]
5100
[5809.2, 54845, 1946.5269790728887]
5100
[5807.0, 55518, 1970.1725071072578]
5100
[5808.25, 56201, 1994.0458596189817]
5100
[5815.0, 56888, 2018.0377053697905]
5100
[5786.25, 57565, 2041.5579339504243]
5100
[5808.0, 58242, 2065.604553635915]
5100
[5807.0, 58927, 2091.2978154182433]
[5796.833333333333, 59608, 2117.1047488649688]
5100
[5805.75, 60285, 2141.894170836608]
5100
[5833.0, 60970, 2165.7566751718523]
[5808.666666666667, 61651, 2189.6927604079247]
5100
[5814.25, 62324, 2213.6291191101072]
5100
[5793.25, 63013, 2238.0575095176696]
5100
[5806.5, 63696, 2262.1592591404915]
5100
[5795.5, 64377, 2286.264596629143]
5100
[5799.666666666667, 65058, 2310.5792247891427]
5100
[5810.25, 65747, 2335.0174912373227]
5100
[5793.75, 66432, 2359.210115977128]
5100
[5779.5, 67113, 2383.3855882525445]
5100
[5799.0, 67792, 2407.380469771226]
