[0.89556474 0.93345944 0.11429645 0.57428556 0.01492795 0.35225175
 0.57058802 0.9543333  0.644454   0.00462584 0.17701209 0.25045089
 0.58698733 0.30012128 0.17118551 0.96379545 0.42662785 0.09717202
 0.28708523 0.32015221 0.71974159 0.8525301  0.74983782 0.60798858
 0.61496889]	0.5778357754693165
[0.89556474 0.93345944 0.11429645 0.57428556 0.01492795 0.35225175
 0.57058802 0.9543333  0.644454   0.00462584 0.17701209 0.25045089
 0.58698733 0.30012128 0.17118551 0.96379545 0.42662785 0.09717202
 0.28708523 0.32015221 0.71974159 0.8525301  0.74983782 0.60798858
 0.61496889]	0.5778357754693165
[0.89556474 0.93345944 0.11429645 0.57428556 0.01492795 0.35225175
 0.57058802 0.9543333  0.644454   0.00462584 0.17701209 0.25045089
 0.58698733 0.30012128 0.17118551 0.96379545 0.42662785 0.09717202
 0.28708523 0.32015221 0.71974159 0.8525301  0.74983782 0.60798858
 0.61496889]	0.5778357754693165
[0.89556474 0.93345944 0.11429645 0.57428556 0.01492795 0.35225175
 0.57058802 0.9543333  0.644454   0.00462584 0.17701209 0.25045089
 0.58698733 0.30012128 0.17118551 0.96379545 0.42662785 0.09717202
 0.28708523 0.32015221 0.71974159 0.8525301  0.74983782 0.60798858
 0.61496889]	0.5778357754693165
[0.89556474 0.93345944 0.11429645 0.57428556 0.01492795 0.35225175
 0.57058802 0.9543333  0.644454   0.00462584 0.17701209 0.25045089
 0.58698733 0.30012128 0.17118551 0.96379545 0.42662785 0.09717202
 0.28708523 0.32015221 0.71974159 0.8525301  0.74983782 0.60798858
 0.61496889]	0.5778357754693165
