[0.42389137 0.80324489 0.22355692 0.54251334 0.1509741  0.69314682
 0.76361921 0.63695167 0.582592   0.51467657 0.29437477 0.66812745
 0.57427754 0.63008782 0.08745214 0.87600237 0.32292634 0.18931939
 0.7035914  0.74888999 0.2949449  0.87331803 0.68283942 0.67852255
 0.52478802]	0.5623936268214397
[0.42389137 0.80324489 0.22355692 0.54251334 0.1509741  0.69314682
 0.76361921 0.63695167 0.582592   0.51467657 0.29437477 0.66812745
 0.57427754 0.63008782 0.08745214 0.87600237 0.32292634 0.18931939
 0.7035914  0.74888999 0.2949449  0.87331803 0.68283942 0.67852255
 0.52478802]	0.5623936268214397
[0.42389137 0.80324489 0.22355692 0.54251334 0.1509741  0.69314682
 0.76361921 0.63695167 0.582592   0.51467657 0.29437477 0.66812745
 0.57427754 0.63008782 0.08745214 0.87600237 0.32292634 0.18931939
 0.7035914  0.74888999 0.2949449  0.87331803 0.68283942 0.67852255
 0.52478802]	0.5623936268214397
[0.42389137 0.80324489 0.22355692 0.54251334 0.1509741  0.69314682
 0.76361921 0.63695167 0.582592   0.51467657 0.29437477 0.66812745
 0.57427754 0.63008782 0.08745214 0.87600237 0.32292634 0.18931939
 0.7035914  0.74888999 0.2949449  0.87331803 0.68283942 0.67852255
 0.52478802]	0.5623936268214397
[0.42389137 0.80324489 0.22355692 0.54251334 0.1509741  0.69314682
 0.76361921 0.63695167 0.582592   0.51467657 0.29437477 0.66812745
 0.57427754 0.63008782 0.08745214 0.87600237 0.32292634 0.18931939
 0.7035914  0.74888999 0.2949449  0.87331803 0.68283942 0.67852255
 0.52478802]	0.5623936268214397
